              precision    recall  f1-score   support

           3       0.00      0.00      0.00         2
           4       0.00      0.00      0.00        11
           5       0.74      0.76      0.75       136
           6       0.63      0.67      0.65       128
           7       0.58      0.53      0.55        40
           8       0.20      0.33      0.25         3

    accuracy                           0.66       320
   macro avg       0.36      0.38      0.37       320
weighted avg       0.64      0.66      0.65       320
